BLOCK SPINFO
   1   FeynHiggs
   2   built on Jul 10,,2016
#
BLOCK MODSEL
   1   0
   2   1
   3   0
   4   0
   5   0
   6   0
#
BLOCK SMINPUTS
   1    127.94
   2    1.16637e-05
   3    0.1185
   4    91.187828
   5    4.18
   6    173.37379
   7    1.777
#
BLOCK MINPAR
   3    32.629439
#
BLOCK EXTPAR
   0   -1
   1    525
   2   500.0
   3   3000
   11   -3411.3194
   12   -3411.3194
   13   -3411.3194
   23   -943.64072
   26    3045.7282
   31    1851.1828
   32    1851.1828
   33    1334.3428
   34    1851.1828
   35    1851.1828
   36    1334.3428
   41    883.82311
   42    883.82311
   43    1960.8922
   44    883.82311
   45    883.82311
   46    1960.8922
   47    883.82311
   48    883.82311
   49    1960.8922